1430798487 Ruby 4862 1
1430426790 CSS 3471 1
1430073339 Ruby 1780 0
1430958687 JavaScript 14376 1
1361495537 Ruby 770 1
1389165467 JavaScript 1077 1
1425565988 Ruby 1574 0
1430978133 Java 1 1
1430935303 Swift 2 1
1420776892 Swift 415 1
1430243456 Ruby 3219 1
1427340454 JavaScript 8503 1
1392844141 PHP 29 1
1430417619 Ruby 1874 1
1428581633 Swift 503 1
1426807820 JavaScript 506 1
1426111747 Ruby 647 0
1430947320 Swift 664 1
1290128447 Ruby 49 0
1430694607 Shell 1465 1
1430583647 C 8021 1
1419876879 Objective-C 560 1
1429557757 JavaScript 6077 1
1427991140 Ruby 942 1
1423074413 Ruby 2444 1
1430878213 Ruby 2117 1
1430934762 CSS 8809 1
1399915742 JavaScript 8161 1
1430514439 Ruby 893 1
1318241783 Java 204 1
1338406352 Ruby 1354 1
1201487060 C 5 0
1391211289 Ruby 538 1
1429038829 CSS 180 1
1398137410 Ruby 134 0
1416984324 Ruby 21 1
1424406765 JavaScript 1166 1
1430623075 JavaScript 1045 1
1431010436 Ruby 3227 1
1430290040 JavaScript 3787 1
1273200811 Ruby 2 0
1426879314 Ruby 5141 1
1201883984 Ruby 3 0
1429893447 Haskell 2669 1
1420141379 Swift 529 1
1430161367 JavaScript 1107 1
1430930379 C 4873 1
1430957585 Ruby 2399 0
1428216847 HTML 5510 1
1430844115 Ruby 790 1
1430508894 JavaScript 350 1
1208950694 Ruby 35 0
1420596682 Ruby 1049 1
1431014912 HTML 3374 1
1353292439 Ruby 191 1
1429169723 PHP 261 1
1430509290 Swift 805 1
1430982686 Python 58 1
1430957585 Ruby 2399 0
1335657172 Ruby 2685 1
1392878709 JavaScript 5815 1
1427192259 Ruby 126 1
1431005018 JavaScript 13640 1
1216146985 Ruby 61 0
1430872766 JavaScript 3531 1
1428394510 JavaScript 3923 1
1430992255 Ruby 5763 1
1204573616 Ruby 9 0
1430070763 Java 184 1
1420739744 JavaScript 4276 1
1429318878 HTML 32757 1
1202650117 Ruby 6 0
1431016689 CoffeeScript 15017 1
1400342794 Ruby 2 1
1404777498 Ruby 438 0
1423264449 Ruby 223 1
1427963146 Ruby 628 1
1429813823 Ruby 1093 1
1421693235 Ruby 1 1
1430270980 C++ 236 1
1431016751 JavaScript 3208 1
1430869679 JavaScript 21581 1
1430779288 Ruby 1204 1
1430908348 Ruby 4459 1
1205250732 Ruby 2 0
1223111798 Ruby 26 0
1431013552 Ruby 3479 1
1430936782 Ruby 2297 1
1430957585 Ruby 2399 0
1430724489 Ruby 1104 1
1429510875 CoffeeScript 93 1
1428095352 Objective-C 7982 1
1268270150 Ruby 866 0
1429739162 Ruby 869 1
