1217179923 Ruby  0
1430623421 Ruby  0
1430428305 Ruby 4125 1
1201440453 JavaScript  0
1204073292 JavaScript  0
1426392844 C++ 307 1
1213335443 JavaScript  0
1427767690 C 274 1
1204349906 Ruby  0
1212091892 JavaScript  0
1290128447 Ruby  0
1380104483 C++ 3 1
1430873617 C# 7710 1
1202824124 Ruby  0
1268270150 Ruby  0
1201556287 Ruby  0
1430623421 Ruby 2397 1
1201810391 Erlang  0
1379814986 C++ 101 1
1356524239 Ruby  0
1244019847 Ruby  0
1242698836 Ruby  0
1359719775 Python 1575 1
1218299458 Emacs Lisp  0
1426268375 C 50 1
1202639824 Ruby  0
1223111798 Ruby  0
1325458164 C++ 2 1
1428386169 Ruby 1210 1
1430851280 Ruby 25986 1
1264057679 JavaScript  0
1328038894 C 1262 1
