1430853952 Go 30 1
1429936826 Go 362 1
1403030388 C++ 8843 1
1429207528 C 817 1
1426448378 Python 2960 1
1430706601 R 651 1
1421788855 Go 268 1
1385388311 Shell 4 1
1343783233 JavaScript 9 1
1203088293 Ruby 3 0
1297665925 Shell 11374 1
1367620120 Shell 330 1
1427721207 Python 84 1
1430940021 C++ 10320 1
1430329748 Ruby 1872 1
1408282800 Ruby 2 1
1430530334 Java 1788 1
1426309175 Ruby 365 0
1428530340 Python 977 1
1428546313 C 1105 1
1430261681 Shell 2955 1
1274062065 JavaScript 42 0
1200621927 Ruby 23 0
1431010860 C++ 7112 1
1420321009 Go 746 1
1429608335 JavaScript 3150 1
1430823363 TeX 936 1
1429023641 Ruby 3667 1
1430975376 Python 11418 1
1428242145 HTML 194 1
1385158335 Go 50 1
1430962463 JavaScript 2166 1
1204573616 Ruby 9 0
1221596466 Ruby 2 0
1426498643 Shell 957 1
1424970402 Python 2184 1
1388405797 C 170 1
1393255329 C 451 1
1419807878 JavaScript 808 1
1428854110 Swift 3684 1
1407688698 R 2 1
1430763558 JavaScript 12472 1
1428727121 JavaScript 17008 1
1326810313 C 2103 1
1420385389 Ruby 2 1
1430932762 C 2622 1
1430743676 JavaScript 8624 1
1430990096 JavaScript 2764 1
1427917496 C++ 2469 1
1426169285 C 436 1
1414935800 C 4837 1
1430846758 Go 7882 1
1350418533 Ruby 3 1
1342363442 JavaScript 1 1
1402427531 Ruby 206 0
1355344788 Python 1 1
1427390898 HTML 674 1
1430103608 Ruby 404 1
1430851978 JavaScript 34333 1
1429150565 TeX 326 1
1430858916 Ruby 3042 1
1422170000 Python 2994 1
1429635607 Go 1643 1
1430116496 JavaScript 8883 1
1211725920 Ruby 5 0
1422229867 JavaScript 6170 1
1405002319 Python 59 1
1430967549 JavaScript 13649 1
1425640379 Ruby 1661 1
1267720175 Ruby 2 0
1401052827 JavaScript 94 1
1430602723 C++ 1377 1
1429639378 JavaScript 9028 1
1430377109 Go 1100 1
1425034550 C 174 1
1369862393 CSS 1432 1
1365696698 C++ 195 1
1430241965 HTML 11236 1
1430579208 C 3370 1
1421962139 JavaScript 1117 1
1431005018 JavaScript 13640 1
1406777719 JavaScript 39 1
1421705863 Ruby 29 0
1429970469 Ruby 73 1
1410234995 CSS 1 1
1305477997 Ruby 1 1
1346326194 JavaScript 89 1
1430756714 JavaScript 13473 1
1426230154 VimL 543 1
1429354353 Go 1016 1
1422832762 C 725 1
1429967227 HTML 1858 1
1429139790 Ruby 1459 1
1430903398 Shell 2129 1
1412500849 Python 19 1
1380110040 Lua 6 1
1430901851 Swift 2549 1
1426309175 Ruby 365 0
1431011835 Elixir 2422 1
1431016689 CoffeeScript 15019 1
1214389187 Ruby 31 0
1427761612 HTML 16320 1
1201883754 Ruby 8 0
1304009296 Ruby 5 1
1427428620 JavaScript 204 1
1430674773 Shell 4087 1
1425817365 JavaScript 5042 1
1430878213 Ruby 2117 1
1205010284 JavaScript 6 0
1378623107 Lua 13 1
1430936782 Ruby 2297 1
1430995111 C++ 5281 1
1410648730 TeX 782 1
1408555332 Ruby 2 1
1332912498 Objective-C 293 1
1420596251 C 1834 1
1410445054 CSS 936 1
1430459501 TeX 81 1
1430534666 Go 1856 1
1430970437 C++ 263 1
1427755432 CSS 5748 1
1429790825 JavaScript 2137 1
1430465061 JavaScript 4020 1
1409538264 Go 408 1
1430819083 Go 281 1
1427374429 Ruby 40 1
1421872523 Go 2684 1
1430707167 Shell 6810 1
1352972048 C++ 1557 1
1430891513 C 5773 1
1412743162 C 36 1
1359719501 Java 4 1
1424413923 Go 124 1
1356524239 Ruby 17 0
1430997853 Python 13866 1
1397315451 Lua 529 1
1429640208 JavaScript 8328 1
1430935442 Java 4049 1
1336961610 JavaScript 316 1
1431015024 Haskell 3986 1
1404289191 Swift 553 1
1408204852 Ruby 1 1
1362873600 VimL 15 1
1242698836 Ruby 11 0
1430873736 Python 310 1
1200869340 Ruby 18 0
1402496450 Python 2402 1
1425677074 Ruby 3102 1
1430891035 Swift 8117 1
1431018029 JavaScript 3503 1
1377884609 JavaScript 9 1
1425376402 JavaScript 3075 1
1430927752 Go 6142 1
1427983262 JavaScript 361 1
1375792883 Python 232 1
1430940090 Go 1521 1
1429318878 HTML 32759 1
1334583149 Ruby 5 1
1420337351 JavaScript 168 1
1424374439 Ruby 6 1
1422384792 Swift 6973 1
1429256364 TeX 691 1
1421116149 HTML 680 1
1431000750 C 1340 1
1378719952 JavaScript 10 1
1404779621 Go 261 1
1431007848 JavaScript 4180 1
1325850478 HTML 997 1
1420739744 JavaScript 4276 1
1429124572 Lua 363 1
1430322256 Go 180 1
1426673913 Shell 363 1
1415980276 Shell 505 1
1429386469 Objective-C++ 10983 1
1420999446 Python 986 1
1430621927 JavaScript 201 1
1430566596 Go 1421 1
1411496781 Swift 536 1
1430882349 Go 1505 1
1421695028 Ruby 147 1
1430991424 JavaScript 2020 1
1426444859 Python 3361 1
1422254896 Python 1059 1
1430816214 CSS 11199 1
1416785908 Swift 498 1
