1288360530 Ruby 79 1
1429293806 R 58 1
1403736469 Ruby 724 1
1309265179 Ruby 40 1
1421188492 Ruby 932 0
1201487060 C 5 0
1240658101 Ruby 1037 0
1234897341 JavaScript 215 0
1426916523 HTML 485 1
1212470240 Ruby 30 0
1201810973 Ruby 3 0
1225312268 Ruby 399 0
1225312268 Ruby 399 0
1421705863 Ruby 29 0
1281072701 Ruby 1639 0
1426750108 Ruby 1894 1
1201919514 Ruby 2 0
1214389187 Ruby 31 0
1428619295 Ruby 235 1
1203812439 Ruby 7 0
1216146985 Ruby 61 0
1281384819 Ruby 5 1
1428574354 Ruby 2 1
1244019847 Ruby 40 0
1430933564 Ruby 565 1
1336689608 Ruby 35 1
1306500039 Ruby 1 1
1200621927 Ruby 23 0
1430940965 Ruby 849 1
1407731395 Ruby 453 1
1426102959 CoffeeScript 143 1
1201487060 C 5 0
1281072701 Ruby 1639 0
1274062065 JavaScript 42 0
1429201185 Ruby 1752 1
