1409604330 JavaScript 176 1
1218299458 Emacs Lisp 54 0
1400553075 Python 465 1
1430191335 Ruby 1210 1
1291134418 Ruby 3 0
1413925645 F# 261 1
1420840904 C++ 1405 1
1337798329 Ruby 2 1
1280023907 Ruby 12 1
1201884160 Ruby 9 0
1301479662 Ruby 40 1
1428739884 Ruby 590 1
1363824480 Python 20 1
1204573616 Ruby 9 0
1204073292 JavaScript 28 0
1331765293 Ruby 447 1
1426111747 Ruby 647 0
1370535196 Ruby 35 1
1411464932 OCaml 36 1
1374465239 Ruby 106 1
1335657172 Ruby 2685 1
1205087469 Ruby 4 0
1354212829 PHP 28 1
1365053894 Shell 701 1
1430726404 VimL 265 1
1403229934 AppleScript 14 1
1415368533 Ruby 33 1
1430073339 Ruby 1780 0
1345084608 Emacs Lisp 40 1
1223111798 Ruby 26 0
1420472607 CSS 1929 1
1202227007 Arc 4 0
1246461391 Python 64 0
1407616812 Python 994 1
1429103289 JavaScript 1090 1
1430416697 Ruby 2476 1
1204573616 Ruby 9 0
1281389003 Python 5 1
1417909886 JavaScript 415 1
1268270150 Ruby 866 0
1324496568 Ruby 2 1
1415916764 R 4 1
1203088293 Ruby 3 0
1201883984 Ruby 3 0
1262113322 Ruby 512 0
1357676088 VimL 4 1
1392332801 JavaScript 2 1
1214859673 Ruby 3 0
1357660111 JavaScript 217 1
1331576142 Ruby 3 1
1201883888 Ruby 4 0
1207494714 Ruby 22 0
1262113322 Ruby 512 0
