1430237211 Rust 1096 1
1392310417 Python 9 1
1423908953 Perl 59 1
1202254863 JavaScript 50 0
1412975693 Ruby 8 1
1428241070 Python 53 1
1407519134 JavaScript 7078 1
1424212527 Ruby 7 1
1422715447 Ruby 17 1
1202639824 Ruby 5 0
1427178242 Python 234 1
1201883754 Ruby 8 0
1223111798 Ruby 26 0
1200621927 Ruby 23 0
1430957585 Ruby 2399 0
1425625266 Ruby 58 1
1415855356 Ruby 2 1
1428462416 Go 2117 1
1203088293 Ruby 3 0
1430957585 Ruby 2399 0
1430651274 JavaScript 2031 1
1429285924 Ruby 215 1
1411709261 Ruby 8 1
1391455447 Ruby 1864 0
1337985349 C 42 1
1201883888 Ruby 4 0
1429693101 Ruby 1813 1
1431000977 Python 9518 1
1424858213 Ruby 82 1
1211725920 Ruby 5 0
1430795525 Objective-J 581 1
1430788847 Ruby 606 1
1201401762 Ruby 9 0
1402924388 Go 723 1
1201883888 Ruby 4 0
1218299458 Emacs Lisp 54 0
1427073091 Go 6186 1
1225312268 Ruby 399 0
1221596466 Ruby 2 0
1413750210 Ruby 5 1
1430917127 Ruby 1126 1
1427565401 Haskell 225 1
1195146600 Ruby 7 0
1426594240 Python 3246 1
1202650117 Ruby 6 0
1430276207 Ruby 710 1
1340990355 JavaScript 3 1
