1430158264 Ruby 962 1
1391455447 Ruby 1864 0
1430239067 Haskell 93 1
1429500192 JavaScript 49 1
1429459009 Java 3769 1
1391455447 Ruby 1864 0
1419261363 Ruby 115 1
1430946651 Ruby 1636 1
1202824124 Ruby 3 0
1430440334 Haskell 721 1
1427408717 JavaScript 1074 1
1201883984 Ruby 3 0
1225312268 Ruby 399 0
1384214940 C 376 1
1426309175 Ruby 365 0
1430999135 C++ 10481 1
1398156168 Ruby 42 1
1429114771 JavaScript 930 1
1426111747 Ruby 647 0
1406641066 Ruby 2194 0
1430953974 Ruby 1730 1
1387468305 JavaScript 2317 1
1430713633 Emacs Lisp 2248 1
1226596232 Nu 5 1
1430819204 Shell 2880 1
1409149454 Ruby 6 1
1394576466 JavaScript 26 1
1427432146 Ruby 20 1
1202254863 JavaScript 50 0
1201884160 Ruby 9 0
1204073292 JavaScript 28 0
1415096606 JavaScript 525 1
1420640998 Ruby 25 1
1431016373 Go 3255 1
1430586981 Elixir 968 1
1426519733 Ruby 354 1
1420870051 Scheme 120 1
1201883754 Ruby 8 0
1374786691 Ruby 29 1
1268270150 Ruby 866 0
1425205193 Ruby 681 1
1398453401 JavaScript 233 1
1424301250 Ruby 636 1
1430687949 LiveScript 1434 1
1362634163 Ruby 42 1
1430891055 Ruby 788 1
1405258706 Ruby 18 1
1402003341 Ruby 1197 1
1430926064 Ruby 15481 1
1201556287 Ruby 42 0
1429108910 Haskell 1563 1
1406641066 Ruby 2194 0
1411266946 Ruby 2 1
1429739162 Ruby 869 1
1431010538 Emacs Lisp 935 1
1421705863 Ruby 29 0
1396905039 Elixir 12 1
1360043364 Lua 3 1
1429784898 Ruby 289 1
1430073339 Ruby 1780 0
1427596299 JavaScript 3715 1
1428755549 CoffeeScript 460 1
1405775921 JavaScript 317 1
1429111436 Ruby 1849 1
1428462711 Ruby 470 1
1344132362 Ruby 2 1
1356524239 Ruby 17 0
1208122682 Ruby 10 0
