1206393272 Ruby  0
1202824124 Ruby  0
1201810391 Erlang  0
1264057679 JavaScript  0
1417570095 CSS 56 1
1201401762 Ruby  0
1430073339 Ruby  0
1402985032 CSS 10 1
1167826717 Ruby  0
1324439594 Ruby  0
1201088767 Ruby  0
1420618208 Ruby 440 1
1416433022 JavaScript 71 1
1214859673 Ruby  0
1290128447 Ruby  0
1430860628 Ruby 848 1
1221596466 Ruby  0
1409556084 JavaScript 194 1
1419262962 JavaScript 1 1
1430819808 Ruby 252 1
1429824243 Ruby 272 1
1429734408 Rust 102 1
1225312268 Ruby  0
1429592735 Rust 1389 1
1208950694 Ruby  0
1428978936 Ruby 520 1
1216146985 Ruby  0
1429596855 Ruby 657 1
1430860190 HTML 1520 1
1423072617 Ruby 73 1
1429262037 Ruby 895 1
1403030388 C++ 8810 1
1426070857 Ruby 1333 1
1223111798 Ruby  0
1419497480 Rust 187 1
1428964671 Rust 30 1
1430832682 JavaScript 1585 1
1200621927 Ruby  0
1430862220 Ruby 2554 1
1412517422 Ruby 191 1
1201883754 Ruby  0
1413686034 Ruby 15 1
1202639824 Ruby  0
1429906714 Rust 7 1
1414553704 Ruby 162 1
1425646457 Ruby 60 1
1417202289 Makefile 3 1
