1430823387 Ruby 630 1
1404794110 Ruby 294 1
1383938317 CSS 24 1
1425968407 CSS 426 1
1365965767 Objective-C 7 1
1428462855 VimL 348 1
1201401762 Ruby 9 0
1197459630 ActionScript 2 0
1212091892 JavaScript 15 0
1326928460 JavaScript 138 0
1416339629 Ruby 924 1
1428945964 Ruby 1088 1
1332640855 Python 3575 1
1419336131 JavaScript 540 1
1423607028 JavaScript 17 1
1425205193 Ruby 681 1
1201810391 Erlang 36 0
1428507924 Ruby 35 1
1200869340 Ruby 18 0
1430975376 Python 11417 1
1426541722 Ruby 145 1
1385593762 Go 276 1
1330721991 VimL 200 1
1201919514 Ruby 2 0
1430229470 Ruby 329 1
1212470240 Ruby 30 0
1204073292 JavaScript 28 0
1430186469 Java 92 1
1419463671 CSS 110 1
1205250732 Ruby 2 0
1430993448 Ruby 20 1
1427359370 Ruby 545 1
1413511219 Ruby 177 1
1201556287 Ruby 3 0
1422235343 VimL 7 1
1201810391 Erlang 36 0
1214389187 Ruby 31 0
1339715278 Ruby 41 1
1413087354 Ruby 53 1
1423824766 Shell 2848 1
1428560236 Ruby 787 1
1395925679 CSS 14 1
1423300501 JavaScript 369 1
1430918080 JavaScript 6688 1
1420502418 Ruby 30 1
1430216195 Ruby 954 1
1427235743 Java 291 1
1423147697 Ruby 1962 1
1430686747 HTML 39 1
1421188492 Ruby 932 0
1392767987 Ruby 567 1
1428482931 Perl 730 1
1223111798 Ruby 26 0
1430835569 Ruby 2543 1
1425017508 Ruby 18 1
1304976932 VimL 3029 1
1205087469 Ruby 4 0
1430885610 C 8915 1
1426943633 Ruby 678 1
1413660529 Shell 1084 1
1402525650 Ruby 82 1
1305143042 Ruby 1258 1
1418135308 Ruby 1 1
1318602199 Ruby 10 1
1421750701 Ruby 16 1
1426879314 Ruby 5141 1
1268062026 Ruby 56 1
1195146600 Ruby 7 0
1430926064 Ruby 15481 1
1204073292 JavaScript 28 0
1429596855 Ruby 659 1
1214859673 Ruby 3 0
