1274062065 JavaScript  0
1402427531 Ruby  0
1416319071 C 498 1
1211725920 Ruby  0
1210871831 Ruby  0
1242698836 Ruby  0
1428396109 JavaScript 2659 1
1430833193 Ruby 22771 1
1378010844 Ruby 1 1
1425909735 VimL 604 1
1423083359 Go 2983 1
1430800446 Rust 1375 1
1224234041 Ruby  0
1424898418 JavaScript 269 1
1273200811 Ruby  0
1204073292 JavaScript  0
1201642505 Ruby  0
1430841901 JavaScript 1540 1
1331158113 Ruby 3 1
1391554763 Python 1088 1
1326928460 JavaScript  0
1385119879 Objective-C 8 1
1223399791 Ruby  0
1395514212 Clojure 848 1
1430874015 Ruby 6507 1
1332983681 Ruby 1 1
1390936958 Python 1938 1
1425606129 JavaScript 14 1
1362349358 Ruby 18 1
1412401376 Go 103 1
1427047961 Ruby 1515 1
1325104824 Python 1 1
1201810973 Ruby  0
1427046031 Ruby 169 1
1414553198 Ruby 431 1
1403037877 JavaScript 76 1
1423197563 Python 442 1
1325104315 C++ 1 1
1204071623 Io  0
1351824777 Ruby 30 1
1374357097 Ruby 78 1
1427767664 Prolog 1394 1
1201642505 Ruby  0
1424657968 Python 2302 1
1427801892 HTML 741 1
1430785228 Ruby 6 1
1430199268 JavaScript 12185 1
1325998626 C++ 1 1
1429739298 Ruby 342 1
1279251705 C++ 3 1
1345430819 JavaScript 642 1
1412877165 Shell 534 1
1205250732 Ruby  0
1208950694 Ruby  0
1377230468 Python 340 1
1327719887 JavaScript 1 1
1420475915 Ruby 845 1
1430123098 Ruby 831 1
1429030556 C 1030 1
1429728089 Python 2721 1
1429872754 Java 691 1
1388002601 Shell 1 1
1412783714 Shell 1 1
1426838817 Go 937 1
1386404390 Python 788 1
1424394855 Ruby 1 1
1346171974 C++ 531 1
1428933406 R 3 1
1197459630 ActionScript  0
1291134418 Ruby  0
1393436504 C 3 1
1246461391 Python  0
1428943437 Clojure 264 1
1429119266 Ruby 1192 1
1429852203 HTML 1 1
1375780155 Go 1 1
1212091892 JavaScript  0
1409805089 Ruby 142 1
1430231124 JavaScript 14439 1
1332656395 Ruby 1 1
1430705830 Go 148 1
1376064968 Python 134 1
1422643071 C++ 60 1
1430766473 CoffeeScript 923 1
1400135519 Python 408 1
1420558605 Python 111 1
