1197459630 ActionScript 2 0
1197459630 ActionScript 2 0
1203812439 Ruby 7 0
1421188492 Ruby 932 0
1201810391 Erlang 36 0
1205087469 Ruby 4 0
1386556618 Ruby 164 1
1428430949 Ruby 1 1
1203812439 Ruby 7 0
1274062065 JavaScript 42 0
1205010284 JavaScript 6 0
1201810973 Ruby 3 0
1430908348 Ruby 4459 1
1429865842 Ruby 4 1
1427831660 Ruby 1188 0
1246461391 Python 64 0
1202254863 JavaScript 50 0
1281072701 Ruby 1639 0
1264057679 JavaScript 20 0
1268270150 Ruby 866 0
1201556287 Ruby 3 0
1391455447 Ruby 1864 0
1273200811 Ruby 2 0
