1430836930 JavaScript 548 1
1430693868 JavaScript 2938 1
1415415291 Lua 138 1
1430107334 JavaScript 9954 1
1401279256 JavaScript 64 1
1388443251 JavaScript 1 1
1426673538 CSS 1460 1
1381017650 C 122 1
1396218773 CSS 2465 1
1424225455 Ruby 2028 1
1430231281 JavaScript 1069 1
1417068663 Go 219 1
1428572441 JavaScript 2363 1
1430253001 C++ 797 1
1430947702 JavaScript 10342 1
1430267999 Ruby 750 1
1414366167 JavaScript 24 1
1427959679 JavaScript 22 1
1423871995 JavaScript 425 1
1267720175 Ruby 2 0
1324409676 PHP 9 1
1357713091 CoffeeScript 390 1
1424961026 Java 644 1
1404276893 JavaScript 1293 1
1430765324 Python 235 1
1428585025 HTML 1465 1
1426271136 JavaScript 1177 1
1431009916 JavaScript 383 1
1426785184 Go 2443 1
1428144489 JavaScript 55 1
1430005892 CSS 410 1
1429276535 Python 3651 1
1430606193 C 4644 1
1424462352 JavaScript 37 1
1357492140 JavaScript 205 1
1430977560 Python 2193 1
1427896449 Java 4185 1
1427387728 HTML 98 1
1388951189 HTML 589 1
1421801646 Java 31 1
1405760331 Python 1622 1
1353515388 Ruby 2 1
1217179923 Ruby 3 0
1344662327 JavaScript 41 1
1427037640 JavaScript 1167 1
1411999077 JavaScript 107 1
1403889645 JavaScript 2075 1
1201884160 Ruby 9 0
1429637143 Python 1355 1
1429967961 JavaScript 1259 1
1429536368 CoffeeScript 818 1
1417524879 Java 29 1
1426569034 JavaScript 843 1
1427088703 Dart 2461 1
1273171719 JavaScript 4 1
1386649165 JavaScript 340 1
1356742612 Java 24 1
1428859152 JavaScript 21087 1
1406475458 CSS 135 1
1402130803 CSS 466 1
1333635868 Python 43 1
1311775783 JavaScript 131 1
1429527944 JavaScript 945 1
1422572220 Java 6618 1
1430496345 C# 865 1
1429078034 JavaScript 1206 1
1429623878 Ruby 3302 1
1418514972 JavaScript 50 1
1422143963 Perl 184 1
1430769123 JavaScript 822 1
1431012275 Ruby 14350 1
1428533611 JavaScript 1538 1
1417614119 Java 1121 1
1283861282 JavaScript 1094 1
1431005930 C++ 1204 1
1431012656 JavaScript 409 1
1430658278 JavaScript 5120 1
1358264063 JavaScript 190 1
1430252485 JavaScript 2820 1
1340571963 JavaScript 148 1
1430760741 Objective-C 6408 1
1371617057 JavaScript 1517 1
1429508876 Clojure 2041 1
1430950422 HTML 1218 1
1430952590 JavaScript 17941 1
1430917557 JavaScript 4038 1
1368755377 JavaScript 1056 1
1427248693 JavaScript 500 1
1421370226 Java 18 1
1425331115 JavaScript 2587 1
1344451766 JavaScript 2 1
1389096018 CSS 289 1
1426590494 JavaScript 1995 1
1409867426 Java 706 1
1369358302 C 1371 1
1429905171 JavaScript 1141 1
1398766624 JavaScript 392 1
1430758458 JavaScript 16962 1
1413508065 Java 224 1
1391667002 JavaScript 1636 1
1415291494 CSS 7434 1
1368739090 JavaScript 1 1
1430154131 Python 3110 1
1349392506 Java 46 1
1392775166 Java 1523 1
1426459230 JavaScript 343 1
1425519260 JavaScript 1548 1
1430664329 JavaScript 13809 1
1422655693 Java 230 1
1409956253 JavaScript 210 1
1431016837 JavaScript 239 1
1426540108 JavaScript 366 1
1425073533 Objective-C 243 1
1326300023 JavaScript 62 1
1430332169 Ruby 2557 1
1428495965 JavaScript 882 1
1428463546 JavaScript 759 1
1430602723 C++ 1377 1
1368636041 JavaScript 1415 1
1426756764 JavaScript 314 1
1421989264 JavaScript 5206 1
1426312072 Go 64 1
1408973424 JavaScript 1446 1
1371642727 Python 46 1
1411260403 Ruby 163 1
1398720959 Objective-C 148 1
1395760138 JavaScript 751 1
1430997286 JavaScript 4898 1
1391759565 JavaScript 1719 1
1429901387 JavaScript 619 1
1429876386 JavaScript 1325 1
1425501830 CSS 930 1
1425909735 VimL 605 1
1425419385 JavaScript 357 1
1399489793 Java 99 1
1381318532 Go 628 1
1416249743 Ruby 661 1
1416337452 Java 437 1
1428437631 Objective-C 3182 1
1426891602 Java 242 1
1430617616 CSS 2088 1
1430755768 Ruby 1948 1
1431013639 Ruby 4158 1
1425283373 Java 4503 1
1428591262 CSS 4258 1
1216146985 Ruby 61 0
1430090512 Java 3201 1
1430944696 JavaScript 6107 1
1379132691 JavaScript 755 1
1420488583 JavaScript 112 1
1429554676 Go 6880 1
1428303024 JavaScript 6287 1
1426577661 Shell 1831 1
1408273245 Ruby 668 1
1306832901 JavaScript 452 1
1397228368 JavaScript 258 1
1430558335 Java 352 1
1216146985 Ruby 61 0
1430335454 Emacs Lisp 1455 1
1430973614 Python 1 1
1430348268 C++ 4602 1
1426465754 JavaScript 168 1
1430865864 JavaScript 184 1
1430429104 Java 5017 1
1399561754 Clojure 1091 1
1402224378 CSS 90 1
1425573127 Java 648 1
1383755394 JavaScript 2548 1
1429038829 CSS 180 1
1430855900 JavaScript 6427 1
1397922400 Java 181 1
1332640855 Python 3575 1
1426804726 CSS 24 1
1429900111 JavaScript 980 1
1386461143 CSS 28 1
1391991379 JavaScript 4328 1
1420734184 Ruby 233 1
1390000089 JavaScript 45 1
1399566603 Objective-C 15 1
1389049694 JavaScript 37 1
1431007712 JavaScript 1292 1
1429355453 JavaScript 7688 1
1358987413 HTML 5217 1
1408471363 JavaScript 191 1
1430944908 Java 4337 1
1428822092 JavaScript 545 1
1428601242 Objective-C 4913 1
1345496120 JavaScript 119 1
1378413575 JavaScript 51 1
1371077888 JavaScript 49 1
1429645058 C 393 1
1429811819 Ruby 71 1
1339878453 JavaScript 25 1
1430706810 Java 896 1
1365701293 JavaScript 1476 1
1425968407 CSS 426 1
1428499884 CSS 2837 1
1426011453 Objective-C 808 1
1427165741 JavaScript 1212 1
1430916493 C 4085 1
1431015443 Python 348 1
1389906687 Objective-C 226 1
1394322342 JavaScript 7 1
1400954829 Ruby 683 1
1422505517 JavaScript 19 1
1423256489 Java 3357 1
1399756351 Java 122 1
1384730036 Objective-C 1601 1
1401849994 CSS 441 1
1431016893 Java 758 1
1423071033 Makefile 884 1
1426357593 Java 316 1
1428680982 HTML 26 1
1430972869 JavaScript 584 1
1430927377 Java 770 1
1430907974 JavaScript 15055 1
1381513974 JavaScript 20 1
1416248244 JavaScript 33 1
1431016471 JavaScript 7255 1
1428184687 JavaScript 3722 1
1430958099 Go 2501 1
1397069516 C++ 560 1
1329249370 JavaScript 23 1
1430517154 Java 855 1
1382046260 CSS 16 1
1338953501 JavaScript 359 1
1431002081 Java 2337 1
1397248103 Java 662 1
1415073513 C 3412 1
1370758191 CoffeeScript 47 1
1412165845 CSS 624 1
1427773574 JavaScript 494 1
1427340454 JavaScript 8503 1
1429594370 Java 271 1
1430903403 Clojure 1048 1
1368508995 CoffeeScript 8 1
1353015338 JavaScript 58 1
1423670686 Java 3 1
1431002151 JavaScript 1897 1
1424194001 JavaScript 1764 1
1428530531 Java 1298 1
1422307141 JavaScript 9367 1
1430705513 JavaScript 1660 1
1430926987 Ruby 985 1
1428482727 JavaScript 212 1
1430158584 JavaScript 1470 1
1425318912 C 178 1
1431008331 Ruby 1128 1
1430085544 JavaScript 9 1
1384273930 JavaScript 146 1
1430149495 Java 5247 1
1421682090 JavaScript 3 1
1387160569 JavaScript 15 1
1391032456 JavaScript 179 1
1370268984 JavaScript 457 1
1358028817 Go 3 1
1430295870 JavaScript 1559 1
1407087500 JavaScript 31 1
1395082517 JavaScript 627 1
1430753192 JavaScript 1617 1
1430869679 JavaScript 21582 1
1385321419 Java 226 1
1425801451 CoffeeScript 296 1
1392838412 PHP 26 1
1381797371 CSS 1092 1
1387636801 CSS 935 1
1430996820 CSS 209 1
1383558421 JavaScript 59 1
1430913607 JavaScript 21675 1
1369361066 JavaScript 72 1
1430725329 JavaScript 1033 1
1426615088 Java 2213 1
1424894080 C# 1806 1
1426336253 JavaScript 5533 1
1429833304 JavaScript 3780 1
1419972763 Scala 3059 1
1430935914 Java 357 1
1423967114 Java 855 1
1430946838 Objective-C 27 1
1427731395 Ruby 1190 1
1421827704 JavaScript 2037 1
1427432420 JavaScript 173 1
1425018713 Ruby 5182 1
1419997089 C++ 743 1
1430339265 JavaScript 1245 1
1429649938 JavaScript 2507 1
1426097729 Clojure 1156 1
1430980303 HTML 3292 1
1430957526 C 515 1
1402005846 JavaScript 213 1
1393620845 JavaScript 7 1
1430157799 JavaScript 2854 1
1430726699 Ruby 7027 1
1423316572 CoffeeScript 3287 1
1426689116 JavaScript 520 1
1409748691 JavaScript 2703 1
1430584149 Objective-C 840 1
1393616012 JavaScript 19 1
1430981665 JavaScript 7356 1
1429719622 JavaScript 3650 1
1397568738 JavaScript 1071 1
1424285467 C 654 1
1430515264 Python 472 1
1430885536 Objective-C 4192 1
1420109426 JavaScript 71 1
1411129862 JavaScript 5540 1
1431016039 HTML 2770 1
1397320512 CoffeeScript 1839 1
1428508326 JavaScript 7080 1
1429908188 JavaScript 998 1
1406055957 JavaScript 172 1
1430195180 JavaScript 6227 1
1424031834 JavaScript 12864 1
1430695109 JavaScript 7385 1
1322124480 Java 66 1
1419980125 Ruby 33 1
1426938259 HTML 2161 1
1394302746 JavaScript 228 1
1429346857 JavaScript 180 1
1429451266 JavaScript 3554 1
1405051748 JavaScript 656 1
1431002451 Scala 3919 1
1424466339 JavaScript 1433 1
1398964435 CoffeeScript 523 1
1423272092 Ruby 1312 1
1205010284 JavaScript 6 0
1430932762 C 2622 1
1430868933 JavaScript 3075 1
1430997404 JavaScript 1528 1
1402305750 CSS 112 1
1411234657 Java 353 1
1394928241 C++ 1695 1
1429140845 Swift 552 1
1383685238 JavaScript 551 1
1389012061 JavaScript 47 1
1364171513 PHP 122 1
1415956428 JavaScript 769 1
1358012640 JavaScript 39 1
1403896068 JavaScript 629 1
1424424596 JavaScript 847 1
1429712888 JavaScript 7496 1
1430980940 Scala 6203 1
1417622210 Objective-C 386 1
1428136918 ApacheConf 418 1
1214389187 Ruby 31 0
1399653030 JavaScript 389 1
1325800247 PHP 4 1
1421827339 C 2744 1
1430889709 Ruby 1156 1
1428707971 JavaScript 899 1
1416056229 Vala 4530 1
1430978608 Swift 2159 1
1418822110 JavaScript 1636 1
1430427790 JavaScript 4096 1
1410487884 JavaScript 268 1
1363256856 JavaScript 519 1
1364485496 PHP 125 1
1422583530 Python 445 1
1324439594 Ruby 517 0
1429209214 JavaScript 408 1
1431014758 JavaScript 709 1
1415049895 C++ 428 1
1271128965 Java 31 1
1385642308 JavaScript 141 1
1385368189 CoffeeScript 78 1
1389741336 JavaScript 88 1
1428676959 CSS 431 1
1430463349 Java 804 1
1429122514 JavaScript 1793 1
1428588944 JavaScript 7908 1
1429083553 Java 481 1
1429045510 Java 1296 1
1368039811 Python 1 1
1195319101 C 22 1
1417722103 JavaScript 1074 1
1431000403 Java 1479 1
1415289934 CoffeeScript 3008 1
1347301807 Java 36 1
1422079854 JavaScript 130 1
1407461962 JavaScript 64 1
1431009658 JavaScript 2708 1
1408060324 Java 219 1
1428876992 Ruby 1196 1
1386865567 JavaScript 4608 1
1430872766 JavaScript 3531 1
1379082177 JavaScript 2 1
1425335224 Java 770 1
1379212203 Objective-C 353 1
1359356905 Java 1 1
1430816037 Java 1245 1
1402020222 JavaScript 32 1
1389172492 JavaScript 75 1
1428277448 JavaScript 740 1
1426089533 CoffeeScript 938 1
1424706203 JavaScript 701 1
1430917650 Scala 376 1
1397285670 Java 4 1
1370014912 Python 831 1
1430941218 JavaScript 915 1
1409538264 Go 408 1
1412530793 JavaScript 425 1
1395443056 CSS 6159 1
1430907294 Java 3587 1
1328135514 JavaScript 81 1
1376860800 JavaScript 15 1
1411644005 Java 621 1
1425315859 Java 8 1
1420475915 Ruby 845 1
1426267068 JavaScript 433 1
1428548149 JavaScript 424 1
1390500873 Objective-C 397 1
1430971601 JavaScript 732 1
1425489427 HTML 368 1
1400628159 JavaScript 379 1
1429089061 JavaScript 3558 1
1405856471 JavaScript 382 1
1395825837 Java 141 1
1428871872 Python 1350 1
1429116477 JavaScript 47 1
1416580232 JavaScript 3933 1
1421056876 JavaScript 601 1
1398724625 Java 948 1
1425058162 PHP 78 1
1363183626 JavaScript 77 1
1429901876 JavaScript 570 1
1430785911 C++ 35 1
1423070472 JavaScript 588 1
1430266791 Go 4847 1
1430972181 JavaScript 3137 1
1262113322 Ruby 512 0
1340749736 JavaScript 17 1
1379599424 Python 353 1
1407518371 JavaScript 1324 1
1430592236 JavaScript 8774 1
1413921829 JavaScript 3551 1
1398139704 JavaScript 484 1
1429656743 JavaScript 480 1
1322543092 JavaScript 90 1
1403085748 C# 118 1
1405365963 Java 1396 1
1431005018 JavaScript 13640 1
1211725920 Ruby 5 0
1429901036 Ruby 430 1
1396923689 JavaScript 165 1
1424199821 Java 747 1
1428504757 JavaScript 69 1
1408468477 JavaScript 121 1
1429686439 CSS 2802 1
1430996488 JavaScript 1455 1
1430871773 Clojure 870 1
1427335755 JavaScript 2099 1
1395091463 JavaScript 1032 1
1390080911 JavaScript 4224 1
1430945284 JavaScript 2605 1
1430853057 JavaScript 5799 1
1431011818 C++ 511 1
1376386459 JavaScript 1250 1
1430445202 JavaScript 3379 1
1425756445 Java 466 1
1428521018 JavaScript 36065 1
1430171562 Java 1892 1
1397030419 JavaScript 386 1
1427870253 PHP 2036 1
1395339924 C++ 596 1
1406728706 Shell 8317 1
1394660991 JavaScript 2 1
1370531750 JavaScript 54 1
1421181202 C# 4993 1
1431006915 PHP 5616 1
1418672805 JavaScript 188 1
1418919024 JavaScript 314 1
1352832337 JavaScript 31 1
1430620860 JavaScript 12140 1
1402720415 JavaScript 467 1
1394121111 PHP 178 1
1388123707 Java 358 1
1430872959 Python 8611 1
1429481234 CSS 1224 1
1359100428 JavaScript 1109 1
1323478146 JavaScript 9 1
1411563181 JavaScript 145 1
1418571105 JavaScript 11 1
1354892622 JavaScript 2 1
1430986741 Ruby 125 1
1431004792 JavaScript 5143 1
1431015496 JavaScript 887 1
1418843774 JavaScript 4703 1
1430793438 Java 1485 1
1430818301 JavaScript 812 1
1410784865 Java 356 1
1416228247 Go 191 1
1427439745 Ruby 1255 1
1430514305 JavaScript 55 1
1400408650 JavaScript 2641 1
1363887850 Java 103 1
1430905757 Python 823 1
1416627301 CSS 598 1
1428935960 JavaScript 359 1
1430511391 JavaScript 7728 1
1430208717 C++ 1047 1
1364384961 JavaScript 516 1
1403625568 JavaScript 1058 1
1377406716 JavaScript 7 1
1414707860 JavaScript 964 1
1430273299 JavaScript 215 1
1428597224 JavaScript 3247 1
1431016521 Go 3388 1
1424958706 JavaScript 3064 1
1430316473 Go 6642 1
1430772095 Clojure 450 1
1430986117 JavaScript 10492 1
1430854938 JavaScript 3976 1
1428025216 Java 131 1
1420373137 JavaScript 5203 1
1404546703 JavaScript 1686 1
1428298528 Java 2715 1
1421939416 JavaScript 1749 1
1430883377 JavaScript 3693 1
1402890271 JavaScript 122 1
1429798057 JavaScript 662 1
1430999135 C++ 10478 1
1426280736 JavaScript 2883 1
1415766363 JavaScript 1065 1
1427940997 JavaScript 3170 1
1430773045 JavaScript 1135 1
1427394231 Python 3511 1
1411075405 CoffeeScript 41 1
1429184080 HTML 2034 1
1426609070 Python 94 1
1387907776 JavaScript 170 1
1398177919 JavaScript 2 1
1392515098 JavaScript 36 1
1401710862 JavaScript 3 1
1404778065 JavaScript 90 1
1430784598 HTML 1516 1
1430861562 JavaScript 3834 1
1428348464 Nginx 3225 1
1430790693 OCaml 4433 1
1412571613 CSS 4271 1
1392056389 Objective-C 538 1
1430425339 JavaScript 410 1
1395384814 Objective-C 193 1
1218299458 Emacs Lisp 54 0
1407079619 Rust 338 1
1430118092 Clojure 793 1
1431008346 CoffeeScript 2726 1
1428641469 C# 16 1
1387712603 JavaScript 30 1
1369713117 JavaScript 1 1
1430794308 Java 2832 1
1430464623 JavaScript 3356 1
1385821055 JavaScript 222 1
1429738167 JavaScript 2620 1
1400570290 Java 2 1
1406208862 JavaScript 1305 1
1420205846 PHP 1933 1
1420162916 JavaScript 1650 1
1335845739 JavaScript 16 1
1431014201 JavaScript 2115 1
1428366573 HTML 17510 1
1427099619 Go 2228 1
1380601367 CoffeeScript 764 1
1344805037 JavaScript 30 1
1361393375 JavaScript 4 1
1392921987 CoffeeScript 465 1
1430301760 Java 384 1
1355539841 CSS 1041 1
1419272864 JavaScript 160 1
1353417943 JavaScript 1046 1
1421663700 JavaScript 3448 1
1424425866 JavaScript 431 1
1428104723 JavaScript 2684 1
1430359883 Objective-C 5598 1
1429222491 Scala 1926 1
1410118137 Java 468 1
1425316003 Java 8 1
1333374271 JavaScript 32 1
1429184484 JavaScript 282 1
1430870743 Objective-C 3561 1
1428693889 JavaScript 396 1
1426439345 Scala 843 1
1424367802 Ruby 1064 1
1427460172 Java 787 1
1371357836 CoffeeScript 9 1
1379625070 JavaScript 122 1
1429627016 Ruby 895 1
1424296328 JavaScript 1063 1
1389389263 JavaScript 303 1
1430787717 CoffeeScript 3351 1
1430513743 JavaScript 1699 1
1394758150 JavaScript 918 1
1430682445 JavaScript 4213 1
1416481235 Python 233 1
1425664976 JavaScript 121 1
1426510483 JavaScript 100 1
1398349573 Java 75 1
1429655732 JavaScript 3082 1
1390983377 JavaScript 9 1
1336356138 C 4 1
1378589089 JavaScript 152 1
1425933942 JavaScript 1290 1
1430978532 Python 2023 1
1397102796 JavaScript 5 1
1423645393 JavaScript 1500 1
1420581362 Java 169 1
1403262054 JavaScript 138 1
1429639378 JavaScript 9028 1
1430715149 Shell 3017 1
1430554753 C 299 1
1400783411 Java 527 1
1402936277 JavaScript 203 1
1431016880 Go 7533 1
1428360466 Java 3139 1
1396390971 Java 1006 1
1373564733 JavaScript 2 1
1430699804 JavaScript 1456 1
1429883697 Objective-C 1839 1
1380317775 JavaScript 14 1
1426028752 C++ 651 1
1201810973 Ruby 3 0
1422634803 JavaScript 30 1
1397147933 JavaScript 7921 1
1430929506 JavaScript 1967 1
1430970996 JavaScript 1106 1
1268270150 Ruby 866 0
1429350196 JavaScript 7270 1
1429160328 JavaScript 2370 1
1424737778 QML 3499 1
1375653622 JavaScript 54 1
1428129456 Java 662 1
1421349628 JavaScript 31 1
1430080145 JavaScript 2808 1
1393358243 JavaScript 1358 1
1429799686 JavaScript 1544 1
1412368727 Java 651 1
1417094369 Java 243 1
1419702078 JavaScript 4522 1
1414516988 Python 302 1
1430692314 Shell 6504 1
1430367643 C++ 2848 1
1366129840 Objective-C 191 1
1430299229 C++ 1156 1
1429839470 Java 1728 1
1419960844 JavaScript 309 1
1431011844 JavaScript 2203 1
1430827873 Java 189 1
1429115261 HTML 60 1
1430230164 Objective-C 180 1
1431012319 JavaScript 366 1
1431003717 Java 6278 1
1430931383 PHP 7489 1
1407473739 JavaScript 473 1
1428961464 Go 2309 1
1420487363 Java 34 1
1430051619 Java 1115 1
1431005925 C++ 379 1
1410504853 JavaScript 1461 1
1430389265 JavaScript 4636 1
1430171805 Clojure 151 1
1431013338 PHP 1335 1
1430059784 CoffeeScript 2288 1
1420773422 Swift 380 1
1372093292 Python 129 1
1428419939 JavaScript 121 1
1420427754 CSS 1968 1
1422585031 JavaScript 331 1
1412890987 Java 1306 1
1428692916 JavaScript 1936 1
1429717029 JavaScript 1920 1
1430891076 C++ 1105 1
1430128509 ApacheConf 132 1
1363919131 F# 3 1
1430660974 Ruby 551 1
1420739744 JavaScript 4276 1
1426847681 Groovy 1720 1
1418933544 JavaScript 1536 1
1430262081 JavaScript 24741 1
1429560777 Ruby 776 1
1430773105 JavaScript 1792 1
1428691160 JavaScript 31 1
1430855451 JavaScript 748 1
1391998820 Java 8594 1
1367615312 Ruby 29 1
1430935442 Java 4049 1
1240658101 Ruby 1037 0
1426463701 Ruby 1347 1
1424219775 JavaScript 817 1
1423039981 Java 415 1
1353009906 JavaScript 1288 1
1366246095 Lua 300 1
1431016739 Go 21425 1
1430038661 JavaScript 1789 1
1428089838 JavaScript 654 1
1430508894 JavaScript 350 1
1401333442 JavaScript 16 1
1430412337 Python 529 1
1426762490 JavaScript 389 1
1430580361 JavaScript 6492 1
1425826861 JavaScript 31 1
1405646328 CSS 533 1
1430017675 JavaScript 164 1
1431003049 JavaScript 1488 1
1423865672 Emacs Lisp 36 1
1421416824 JavaScript 80 1
1430822825 JavaScript 1464 1
1399469023 JavaScript 256 1
1422731005 PHP 144 1
1431011139 Java 157 1
1415728096 JavaScript 7 1
1424965868 Ruby 668 1
1430994805 Python 14116 1
1416347504 JavaScript 4031 1
1412344147 CoffeeScript 120 1
1430962139 Objective-C 3372 1
1401136752 CSS 155 1
1430244831 Java 2119 1
1424506477 JavaScript 973 1
1414098492 Java 969 1
1417026422 CSS 1017 1
1430050477 Python 2187 1
1412270529 JavaScript 245 1
1364222482 JavaScript 1 1
1414355365 Swift 98 1
1360359527 JavaScript 1303 1
1399170138 C# 282 1
1431003799 JavaScript 129 1
1222507782 JavaScript 22 0
1423562515 Go 391 1
1426804750 C 1141 1
1374600378 JavaScript 1 1
1430332300 JavaScript 563 1
1425520875 JavaScript 1588 1
1427727363 JavaScript 5901 1
1376517778 JavaScript 24 1
1428947546 JavaScript 360 1
1430314588 Java 938 1
1431005884 C++ 2969 1
1428334855 JavaScript 197 1
1430762695 JavaScript 879 1
1401433059 JavaScript 26 1
1377181172 Go 710 1
1429633350 Ruby 730 1
1426092981 Python 528 1
1422403294 JavaScript 314 1
1430863766 C# 943 1
1397715137 Objective-C 3540 1
1429241646 Java 119 1
1428707785 C 106 1
1423092227 JavaScript 2661 1
1411307104 Java 830 1
1417586562 CSS 1689 1
1430396563 Clojure 3746 1
1429278614 Java 396 1
1399322003 JavaScript 4986 1
1401101560 JavaScript 671 1
1429624116 Java 2405 1
1428079775 JavaScript 5738 1
1335964321 JavaScript 152 1
1423362989 Python 445 1
1428433789 JavaScript 380 1
1430928464 JavaScript 10234 1
1384299096 PHP 1028 1
1409341807 Ruby 2799 1
1352614113 Java 16 1
1427239173 JavaScript 2286 1
1430860110 C++ 716 1
1428426678 JavaScript 193 1
1415322687 JavaScript 444 1
1429492563 Objective-C 1402 1
1423686518 CoffeeScript 412 1
1427542786 Java 1120 1
1412238114 JavaScript 51 1
1430932639 JavaScript 1348 1
1425505070 JavaScript 48 1
1427042260 JavaScript 786 1
1414106941 JavaScript 79 1
1429804882 Java 496 1
1375551313 Python 131 1
1373894892 Python 1087 1
1360228267 Ruby 163 1
1371673677 JavaScript 2 1
1323795422 JavaScript 39 1
1426019451 JavaScript 423 1
1406230647 JavaScript 50 1
1395636559 JavaScript 194 1
1426032351 JavaScript 76 1
1421089695 CoffeeScript 73 1
1426113119 JavaScript 146 1
1427806333 Objective-C 2668 1
1425239186 CSS 2300 1
1429811512 JavaScript 481 1
1430251738 Ruby 2844 1
1398997128 JavaScript 2952 1
1429813607 JavaScript 2772 1
1392427157 CSS 126 1
1364954938 JavaScript 787 1
1264559390 JavaScript 70 1
1421744419 Assembly 749 1
1429542888 JavaScript 805 1
1430979567 Ruby 19636 1
1363881880 Ruby 1501 1
1430800894 JavaScript 38289 1
1404244045 Objective-C 14 1
1430312638 PHP 4337 1
1429116689 HTML 5790 1
1420129478 Java 396 1
1427826153 JavaScript 115 1
1430332444 JavaScript 4867 1
1423976894 CSS 293 1
1405527494 Ruby 1466 1
1418315229 JavaScript 616 1
1273200811 Ruby 2 0
1430403203 JavaScript 8488 1
1429650877 CSS 216 1
1427146870 JavaScript 104 1
1399579481 JavaScript 463 1
1359428913 JavaScript 983 1
1429723734 JavaScript 6014 1
1430141987 HTML 101 1
1413881415 Java 2335 1
1334264768 DCPU-16 ASM 26 1
1409947349 CSS 784 1
1384433124 JavaScript 387 1
1334079026 JavaScript 5041 1
1394900010 CSS 5338 1
1411149372 Ruby 70 1
1428258053 Haskell 308 1
1430917851 JavaScript 707 1
1429070745 Java 265 1
1430903307 JavaScript 2411 1
1351013191 JavaScript 62 1
1363027306 JavaScript 561 1
1418319580 C++ 3207 1
1430243721 Java 142 1
1428172106 Java 3777 1
1430165104 JavaScript 3219 1
1427064892 JavaScript 769 1
1427819441 JavaScript 169 1
1429001296 Python 1194 1
1426542400 JavaScript 2297 1
1429032170 Java 745 1
1423703093 CSS 5869 1
1365625785 JavaScript 2421 1
1388190455 JavaScript 253 1
1428421671 JavaScript 2705 1
1430958317 Java 441 1
1409210910 Java 608 1
1429986992 JavaScript 849 1
1419877768 CSS 8555 1
1422893685 JavaScript 2714 1
1427401049 JavaScript 2444 1
1362704726 CoffeeScript 10 1
1378763312 Python 78 1
1429030317 Swift 119 1
1429280874 JavaScript 123 1
1427218901 HTML 1703 1
1430250569 Java 3172 1
1386862099 CSS 472 1
1421459303 Objective-C 2695 1
1413106734 CSS 185 1
1423622229 JavaScript 3464 1
1402427531 Ruby 206 0
1410729692 JavaScript 1144 1
1430651274 JavaScript 2031 1
1421274876 Java 300 1
1407192520 JavaScript 354 1
1427534193 Ruby 2767 1
1381440099 Objective-C 378 1
1428518987 JavaScript 471 1
1430900881 Java 384 1
1428355542 Swift 1873 1
1430927024 JavaScript 2640 1
1429114771 JavaScript 930 1
1391309562 Assembly 1 1
1346370923 C 217 1
1426875619 JavaScript 6 1
1290128447 Ruby 49 0
1430941675 C++ 235 1
1420568477 Java 346 1
1201810584 Erlang 5 0
1422159937 Java 340 1
1430749093 JavaScript 786 1
1400485110 JavaScript 79 1
1430949257 C++ 3053 1
1377238796 JavaScript 6 1
1430598726 JavaScript 748 1
1429647843 JavaScript 478 1
1425500042 Java 782 1
1429847476 JavaScript 6888 1
1401999400 CSS 296 1
1424677018 Java 468 1
1427895570 JavaScript 2348 1
1430724976 Ruby 1397 1
1430199454 TypeScript 3312 1
1430191335 Ruby 1210 1
1430975196 TypeScript 3876 1
1430842544 Go 3517 1
1422208988 JavaScript 158 1
1426104323 JavaScript 75 1
1392924697 CSS 969 1
1429151444 Clojure 577 1
1430698268 Java 219 1
1426670053 JavaScript 1377 1
1426357552 JavaScript 4108 1
1424276698 Python 69 1
1357217187 JavaScript 57 1
1430574387 JavaScript 2406 1
1428260384 JavaScript 5689 1
1332247401 Ruby 1429 1
1429310367 Objective-C 4285 1
1426072753 JavaScript 1868 1
1391296192 CSS 823 1
1395268320 JavaScript 457 1
1426049610 Java 1169 1
1429985272 HTML 351 1
1344769057 JavaScript 194 1
1429553105 Swift 748 1
1405113420 Java 558 1
1352972048 C++ 1557 1
1427883284 Python 2233 1
1421046883 Python 112 1
1423681323 JavaScript 319 1
1417340700 JavaScript 1414 1
1413483939 CSS 21 1
1430230793 JavaScript 7703 1
1322108680 JavaScript 1306 1
1430730040 Java 2752 1
1428449352 HTML 814 1
1399453221 JavaScript 245 1
1381289330 JavaScript 3 1
1429154117 Java 3220 1
1420839383 CoffeeScript 164 1
1394850881 JavaScript 506 1
1413191040 C++ 2687 1
1410035989 JavaScript 4951 1
1430799800 Java 3611 1
1391586482 C 823 1
1430930504 JavaScript 5702 1
1427409707 JavaScript 9602 1
1430177553 JavaScript 556 1
1376003541 JavaScript 90 1
1342411195 CoffeeScript 93 1
1402956383 OCaml 521 1
1429882808 C 2045 1
1425932698 JavaScript 229 1
1431010420 Haskell 832 1
1399915742 JavaScript 8161 1
1425394443 JavaScript 1894 1
1417960376 Java 268 1
1382240840 Ruby 85 1
1429896617 CSS 2743 1
1330122512 JavaScript 43 1
1429286289 JavaScript 409 1
1406015843 CSS 210 1
1430598717 Objective-C 17280 1
1415127103 JavaScript 8 1
1428359296 JavaScript 37426 1
1299264887 JavaScript 185 1
1430365355 Ruby 2516 1
1399650058 Java 8 1
1427782930 JavaScript 761 1
1421365518 Java 6 1
1429758641 HTML 155 1
1429524811 Objective-C 3951 1
1411076874 JavaScript 116 1
1430975824 JavaScript 1331 1
1427666319 JavaScript 16 1
1430979287 C++ 3463 1
1430997853 Python 13866 1
1419982905 C# 8 1
1429920399 Go 805 1
1430312402 JavaScript 687 1
1421781807 JavaScript 1647 1
1425575623 JavaScript 102 1
1430871828 VimL 2871 1
1392476822 JavaScript 353 1
1422308854 JavaScript 928 1
1430755590 JavaScript 6139 1
1347466137 Java 5423 1
1430005889 C 777 1
1430935937 JavaScript 8824 1
1363797180 Java 102 1
