1211725920 Ruby 5 0
1413984748 Ruby 795 1
1428611677 CoffeeScript 1155 1
1412169421 Shell 682 1
1214389187 Ruby 31 0
1427823780 CSS 802 1
1297665925 Shell 11374 1
1423824766 Shell 2848 1
1430940021 C++ 10320 1
1424395090 Shell 147 1
1390902782 Ruby 1 1
1426734889 Python 2271 1
1217179923 Ruby 3 0
1428256075 C 2792 1
1415643378 C# 275 1
1201556287 Ruby 42 0
1408413260 Ruby 43 1
1399665031 Ruby 10 1
1205010284 JavaScript 6 0
1430933295 Ruby 907 1
1430949257 C++ 3053 1
1324439594 Ruby 517 0
1244019847 Ruby 40 0
1425565988 Ruby 1574 0
1200621927 Ruby 23 0
1217179923 Ruby 3 0
1274062065 JavaScript 42 0
1421705863 Ruby 29 0
1426857170 Ruby 1118 1
1212091892 JavaScript 15 0
1409341807 Ruby 2799 1
1421188492 Ruby 932 0
1428596252 JavaScript 2420 1
1412689791 JavaScript 3265 1
1430490856 Ruby 361 1
1427047961 Ruby 1516 1
1431017794 Ruby 2493 1
1424039876 Ruby 20 1
1240658101 Ruby 1037 0
1423057732 CoffeeScript 36 1
1374715378 Ruby 1 1
1391455447 Ruby 1864 0
1429639378 JavaScript 9028 1
