1218299458 Emacs Lisp 54 0
1200869340 Ruby 18 0
1340842391 Ruby 1 1
1201440453 JavaScript 2 0
1201556287 Ruby 42 0
1398137410 Ruby 134 0
1341946739 Ruby 4 1
1206393272 Ruby 26 0
1393270733 JavaScript 936 1
1333691379 Ruby 1 1
1406641066 Ruby 2194 0
1332810005 Ruby 1 1
1413399845 Ruby 119 0
1426309175 Ruby 365 0
1421188492 Ruby 932 0
1374797703 JavaScript 186 1
1201401762 Ruby 9 0
1204073292 JavaScript 28 0
1205250732 Ruby 2 0
1366049973 Ruby 80 1
1386351659 JavaScript 16547 1
1195146600 Ruby 7 0
1404777498 Ruby 438 0
1332455752 Ruby 1 1
1308863913 Ruby 1 1
1430957585 Ruby 2399 1
1374750840 Ruby 63 1
1406641066 Ruby 2194 0
1329896365 Ruby 1 1
1429264530 HTML 259 1
1216146985 Ruby 61 0
1274062065 JavaScript 42 0
1322203557 Ruby 1 1
1223111798 Ruby 26 0
