1362244772 Ruby 44 1
1426538302 Objective-C 129 1
1396741031 CSS 2 1
1427582849 Ruby 64 1
1430828286 Ruby 291 1
1421281826 Ruby 8891 1
1396318044 Ruby 27 1
1409672614 Ruby 2 1
1428871203 Ruby 120 1
1409708175 Python 6 1
1274062065 JavaScript 42 0
1428859152 JavaScript 21087 1
1317676587 JavaScript 12 1
1424360716 Ruby 23 1
1428460002 Shell 4015 1
1421608436 Ruby 9 1
1429506123 Shell 226 1
1395775154 TeX 139 1
1430971666 C++ 4129 1
1412169421 Shell 682 1
1427847897 Ruby 27 1
1201797250 Ruby 3 0
1407774014 Ruby 6 1
1430830438 Makefile 4 1
1400954829 Ruby 683 1
1365459917 Ruby 48 1
1429824243 Ruby 272 1
1415750924 Ruby 37 1
1421273522 Ruby 52 1
1409574151 AppleScript 116 1
1411094856 Ruby 5 1
1419138277 Objective-C 830 1
1424278929 C# 434 1
1430942257 Shell 698 1
1430848988 Ruby 476 1
1423364997 Ruby 11 1
1427254232 CSS 239 1
1420008521 Python 60 1
1430233322 Shell 310 1
1430942274 Ruby 637 1
1429675358 Ruby 25 1
1423032176 Ruby 2527 1
1428862178 Ruby 64 1
1430084537 Ruby 99 1
1430852361 JavaScript 5512 1
1362173075 Ruby 65 1
1428983374 Ruby 156 1
1406015026 Ruby 7 1
1392767987 Ruby 567 1
1430316095 Python 2610 1
1389733219 Ruby 22 1
1428155023 Objective-C 2616 1
1428618444 Ruby 3 1
1344439164 Ruby 27 1
1429555887 Shell 1969 1
1430940021 C++ 10320 1
1429059690 Ruby 9 1
1430419389 Ruby 254 1
1398109804 CSS 643 1
1408471444 CoffeeScript 6 1
1405822131 JavaScript 291 1
1430605818 Objective-C 518 1
1201810391 Erlang 36 0
1419029215 Ruby 2059 1
1417244590 Ruby 203 1
1429619868 Ruby 564 1
1396874699 JavaScript 1 1
1425362619 Ruby 6 1
1428330514 Ruby 9 1
1409068790 Ruby 42 1
1402029605 Ruby 56 1
1356524239 Ruby 17 0
1429704073 Objective-C 664 1
1428365363 JavaScript 1071 1
1225312268 Ruby 399 0
1407771616 Ruby 126 1
1415193058 AppleScript 126 1
1426706693 C 43 1
1328908142 Ruby 10 1
1431011752 Ruby 75 1
1407010453 Ruby 479 1
1352058281 PHP 93 1
1430576929 Ruby 3 1
1397368579 Ruby 23 1
1430620029 Shell 2230 1
1430288055 Ruby 9 1
1429605664 Ruby 1187 1
1206393272 Ruby 26 0
1430157075 HTML 3436 1
1429022466 Ruby 7 1
1213335443 JavaScript 4 0
1429669837 Ruby 326 1
1429979778 Ruby 107 1
1408114100 Ruby 188 1
1418183513 Ruby 129 1
1427908584 Ruby 1264 1
1413406972 Ruby 40 1
1430936048 JavaScript 2276 1
1424973878 Ruby 12 1
1223399791 Ruby 263 0
1425677741 Clojure 7628 1
1430939002 JavaScript 3083 1
1430917127 Ruby 1126 1
1212091892 JavaScript 15 0
1362190932 Ruby 4 1
1430927749 Ruby 258 1
1203088293 Ruby 3 0
1407856622 Python 219 1
1429150461 Ruby 213 1
1423777512 Ruby 2314 1
1366215504 Shell 24 1
1430499734 Ruby 5 1
1429458939 HTML 64 1
1339838226 Ruby 21 1
1372482098 VimL 7215 1
1402684869 Ruby 5 1
1427390898 HTML 674 1
1430361841 AppleScript 49 1
1430302920 Scala 1103 1
1429021815 Ruby 1747 1
1430670642 Ruby 680 1
1421387383 Ruby 251 1
1365114643 Ruby 10 1
1430881139 Ruby 37 1
1430897380 Java 498 1
1421585131 HTML 2663 1
1430895357 Ruby 667 1
1201402250 Ruby 6 0
1330906234 Ruby 2 1
1374224635 Python 44 1
1365773575 Ruby 8 1
1412399028 Python 33 1
1332939884 Python 968 1
1430099043 Ruby 33 1
1425808347 Ruby 62 1
1430352983 Python 33 1
1422834451 Ruby 443 1
1425493672 Ruby 428 1
1373501218 Python 94 1
1422474275 Ruby 264 1
1411352623 Ruby 2174 1
1201810391 Erlang 36 0
1430067900 JavaScript 5660 1
1430989730 Ruby 597 1
1414935800 C 4837 1
1351097562 Ruby 59 1
1428994984 Ruby 1362 1
1426890947 Python 151 1
1203088293 Ruby 3 0
1426309175 Ruby 365 0
1428357028 Ruby 6 1
1430171174 Ruby 55 1
1396525212 Ruby 9 1
1390985033 Ruby 72 1
1430996300 Python 806 1
1428454814 Ruby 2 1
1430578888 Ruby 37 1
1416942648 JavaScript 5237 1
1400339327 Ruby 1429 1
1420502601 Ruby 19 1
1428618308 JavaScript 490 1
1430092134 R 243 1
1214389187 Ruby 31 0
1360796483 Ruby 1 1
1430511802 Ruby 21 1
1425655701 Ruby 1966 1
1430674773 Shell 4087 1
1403268939 CSS 243 1
1420477594 Shell 38 1
1378664862 Ruby 4 1
1420844937 TeX 31 1
1428178676 CoffeeScript 757 1
1427125926 Java 90 1
1268270150 Ruby 866 0
1414921687 Python 1743 1
1377049170 JavaScript 1 1
1217179923 Ruby 3 0
1429116689 HTML 5790 1
1428850845 JavaScript 7491 1
1365598874 Ruby 295 1
1382075388 JavaScript 65 1
1427831660 Ruby 1188 0
1426266372 Ruby 7 1
1398721956 Ruby 22 1
1430908348 Ruby 4459 1
1411044329 Objective-C 569 1
1424957796 Ruby 303 1
1312625370 Shell 20 1
1430715725 Ruby 511 1
1206393272 Ruby 26 0
1402853727 Ruby 1 1
1428482296 Ruby 1282 1
1430178521 Ruby 31 1
1402720415 JavaScript 467 1
1428423735 Ruby 21 1
1428386169 Ruby 1209 1
1428365218 Shell 3016 1
1429023641 Ruby 3667 1
1327924938 Ruby 37 1
1424990394 Ruby 39 1
1429654557 JavaScript 1005 1
1429561696 Ruby 47 1
1430849303 Ruby 4290 1
1430837374 Ruby 1081 1
1418972664 JavaScript 1045 1
1421312218 Ruby 20 1
1430237480 JavaScript 1901 1
1430490344 JavaScript 78 1
1422394334 CSS 184 1
1430860273 Ruby 3 1
1430414081 Ruby 14 1
1426352728 Python 69 1
1429547783 JavaScript 5969 1
1429725093 Ruby 2385 1
1396876134 Ruby 103 1
1429669155 Haskell 1818 1
1426958014 Ruby 4 1
1424186199 VimL 2 1
1379424407 Ruby 13 1
1429546295 Ruby 18 1
1388091204 AppleScript 51 1
1405022170 AppleScript 23 1
1426515127 Ruby 794 1
1373452822 Ruby 3 1
1427810398 VimL 237 1
1420393193 JavaScript 2123 1
1430993792 Ruby 2827 1
1430629973 Ruby 12 1
1424762613 Ruby 220 1
1427244799 Python 130 1
1430816595 Ruby 22793 1
1428891997 Python 251 1
1393522224 Python 23 1
1423159433 Ruby 13 1
1421705863 Ruby 29 0
