1423857750 Ruby 34 1
1429693101 Ruby 1809 1
1412379237 Ruby 293 1
1411401134 Ruby 353 1
1418695568 Ruby 24 1
1430582809 CoffeeScript 11177 1
1223111798 Ruby  0
1412958320 CSS 9 1
1424904740 HTML 823 1
1430697571 JavaScript 352 1
1430096466 Ruby 684 1
1417645398 Ruby 2678 1
1430787938 JavaScript 104 1
1356524239 Ruby  0
1430171795 Ruby 1 1
1428952083 Ruby 407 1
1429011094 Ruby 3 1
1427294799 JavaScript 97 1
1268270150 Ruby  0
1417839009 Ruby 132 1
1428983374 Ruby 156 1
1430694607 Shell 1465 1
1428256075 C 2792 1
1425625266 Ruby 58 1
1424359821 HTML 980 1
1412616490 Ruby 541 1
1204073292 JavaScript  0
1424802551 Ruby 554 1
1201810584 Erlang  0
1430145018 Ruby 24 1
1428994888 Ruby 1453 1
1430584299 Ruby 301 1
1424780495 Ruby 93 1
1430229177 Ruby 325 1
1429702266 Ruby 783 1
1430032182 HTML 463 1
1395401406 Ruby 42 1
1430788847 Ruby 605 1
1356524239 Ruby  0
1427892869 Dart 3 1
1430786897 Ruby 1341 1
1410264363 Ruby 75 1
1391105069 JavaScript 1 1
1429348202 Ruby 102 1
1381203840 Ruby 33 1
1207494714 Ruby  0
1422229867 JavaScript 6155 1
1324439594 Ruby  0
1427893745 Ruby 50 1
1204073292 JavaScript  0
1426750108 Ruby 1893 1
1412220871 Go 690 1
1430873440 JavaScript 1014 1
1430724420 Ruby 919 1
1221596466 Ruby  0
1429824243 Ruby 272 1
1213335443 JavaScript  0
1427143670 C 1411 1
1365183247 Shell 178 1
1430850977 Ruby 537 1
1414012901 Ruby 58 1
1426041961 Ruby 195 1
1414261988 Ruby 27 1
1427503987 Ruby 247 1
1427831660 Ruby  0
1420924086 JavaScript 1858 1
1427633089 Ruby 656 1
1430857329 Ruby 993 1
1430456816 Ruby 436 1
1423508704 Ruby 695 1
1430755768 Ruby 1947 1
1411669545 Ruby 139 1
1430865525 CSS 80782 1
1205250732 Ruby  0
1425377359 Ruby 49 1
1378002301 Ruby 132 1
1429784898 Ruby 289 1
1422735286 Ruby 849 1
1418069984 JavaScript 380 1
1414440594 Ruby 554 1
1425677074 Ruby 3101 1
1223399791 Ruby  0
1427670790 Ruby 355 1
1406549958 Ruby 63 1
1430856066 HTML 498 1
1429725093 Ruby 2384 1
1430474513 JavaScript 128 1
1423177450 Ruby 2159 1
1323348268 Ruby 164 1
1263481196 Ruby 77 1
1376840847 Ruby 44 1
1429031366 Python 88 1
1422629092 Ruby 27 1
1383666313 Ruby 61 1
1427489546 Ruby 97 1
1428636578 Ruby 3473 1
1426978286 VimL 8011 1
1429287062 Ruby 414 1
1430230311 Ruby 1 1
1421767892 Ruby 1126 1
1425891050 Ruby 61 1
1224234041 Ruby  0
1428778771 Ruby 106 1
1221596466 Ruby  0
1429191117 Ruby 2426 1
1385217009 Ruby 23 1
1426107396 Ruby 281 1
1426714554 Ruby 8781 1
1413786588 Ruby 93 1
1425053089 Ruby 5 1
1422728457 Ruby 2 1
1330301568 Ruby 27 1
1391991379 JavaScript 4329 1
1213335443 JavaScript  0
1201556287 Ruby  0
1430316995 CSS 477 1
1346262933 Ruby 3 1
