1386351659 JavaScript 16546 1
1430741064 C 761 1
1281072701 Ruby 1639 0
1370267640 C# 2 1
1404777498 Ruby 438 0
1430208717 C++ 1047 1
1431013639 Ruby 4158 1
1430942257 Shell 698 1
1431012458 C 22274 1
1426309175 Ruby 365 0
1428570992 JavaScript 881 1
1430994837 CoffeeScript 1212 1
1428865821 JavaScript 2930 1
1430956083 Java 564 1
1429596827 HTML 828 1
1430336940 HTML 1108 1
1429101490 JavaScript 2998 1
1430763558 JavaScript 12472 1
1384562924 JavaScript 1220 1
1427420843 HTML 5 1
1431015360 Java 423 1
1419432309 Perl 237 1
1429441028 Clojure 910 1
1430944908 Java 4337 1
1430493666 Shell 23720 1
1430840846 JavaScript 16094 1
1400612601 PHP 1 1
1428395850 JavaScript 13 1
1212470240 Ruby 30 0
1430790693 OCaml 4433 1
1211725920 Ruby 5 0
1430623075 JavaScript 1045 1
1430952578 JavaScript 591 1
1430853057 JavaScript 5799 1
1429196102 TeX 226 1
1430229379 JavaScript 1653 1
1430653282 Python 5673 1
1430508894 JavaScript 350 1
1427238150 C 2 1
1430968501 HTML 1091 1
1403913994 CSS 192 1
1429587355 CoffeeScript 778 1
1427826167 Ruby 1216 1
1430935442 Java 4050 1
1430798819 Python 380 1
1427139677 CSS 21839 1
1200621927 Ruby 23 0
1201088767 Ruby 8 0
1406756522 JavaScript 3530 1
1274062065 JavaScript 42 0
1393979317 CSS 1 1
1427763200 HTML 2269 1
1426057496 HTML 3536 1
1425233926 Python 10 1
1418487923 Java 19 1
1430928464 JavaScript 10234 1
1354833761 HTML 5863 1
1430957391 C 455 1
1430858788 JavaScript 395 1
1430878861 JavaScript 6147 1
1428588847 Ruby 7 1
1404123099 JavaScript 879 1
1425929591 Java 766 1
1430883920 Python 1 1
1430862403 Java 1 1
1262113322 Ruby 512 0
1429833594 Java 1 1
1429645850 JavaScript 1 1
1430437551 C++ 1549 1
1425393064 Java 199 1
1418541614 CSS 1 1
1416368140 JavaScript 397 1
1365806384 CSS 2 1
1404777498 Ruby 438 0
1234897341 JavaScript 215 0
1425092544 Java 270 1
1242698836 Ruby 11 0
1431005397 PHP 16220 1
1430128509 ApacheConf 132 1
1398890353 Java 2 1
1430895492 JavaScript 22070 1
1430113734 JavaScript 487 1
1429642141 C# 3357 1
1430149495 Java 5246 1
1222507782 JavaScript 22 0
1420427754 CSS 1968 1
1431016689 CoffeeScript 15018 1
1430823315 CSS 1057 1
1428693492 Java 2005 1
1428588944 JavaScript 7908 1
1423239980 JavaScript 581 1
1423737253 C++ 4130 1
1264057679 JavaScript 20 0
1366485038 Java 2 1
1430413742 Java 5854 1
1423678670 JavaScript 552 1
1413792323 Java 29 1
1430241965 HTML 11236 1
1202254863 JavaScript 50 0
1430839554 JavaScript 692 1
1420542271 CSS 596 1
1427871912 Java 391 1
1429032170 Java 745 1
1430881652 C# 2 1
1430918782 JavaScript 1151 1
1416154546 JavaScript 3 1
1418728544 Python 3 1
1429823543 Java 2 1
1431011801 JavaScript 3653 1
1425850758 CSS 4 1
1429893447 Haskell 2669 1
1428616282 Ruby 1425 1
1430762389 CSS 8855 1
1428359296 JavaScript 37426 1
1424194001 JavaScript 1764 1
1429734324 Ruby 3 1
1424993006 CSS 9614 1
1430874307 CSS 20008 1
1410173887 C++ 18 1
1430941675 C++ 235 1
1430070763 Java 184 1
1427553159 JavaScript 1124 1
1422232900 JavaScript 1 1
1428926629 CSS 356 1
1430426790 CSS 3471 1
1431014542 C 1360 1
1425314589 HTML 3 1
1422216856 JavaScript 1290 1
1387491517 Java 2 1
1430706810 Java 896 1
1391455447 Ruby 1864 0
1430157075 HTML 3436 1
1413399845 Ruby 119 0
1430855398 JavaScript 3 1
1425817365 JavaScript 5042 1
1414417594 JavaScript 30 1
1396382912 Python 168 1
1204573616 Ruby 9 0
1427831681 Java 2 1
1402268835 Python 1208 1
