1202639824 Ruby  0
1223111798 Ruby  0
1202650117 Ruby  0
1430633029 HTML 904 1
1427831660 Ruby  0
1407622209 JavaScript 14 1
1398018143 JavaScript 56 1
1356524239 Ruby  0
1430747744 Haskell 31 1
1217179923 Ruby  0
1413384702 Ruby 136 1
1385338148 Python 2286 1
1426889225 C++ 1 1
1426006502 JavaScript 129 1
1234897341 JavaScript  0
1195146600 Ruby  0
1204071623 Io  0
1385422299 C 15 1
1426958279 JavaScript 29 1
1214389187 Ruby  0
1426531939 PostScript 112 1
1218299458 Emacs Lisp  0
1268103868 JavaScript  0
1430073339 Ruby  0
1201810973 Ruby  0
1430157485 Python 22 1
1328047397 C 886 1
1398344965 JavaScript 1 1
1429803363 JavaScript 3916 1
1335657172 Ruby 2682 1
1430871078 Haskell 752 1
1421705863 Ruby  0
1430688277 C++ 488 1
1205087469 Ruby  0
1325018044 JavaScript 88 1
1201883888 Ruby  0
1430865525 CSS 80782 1
1281072701 Ruby  0
1428228122 Python 1048 1
1200869340 Ruby  0
