1430782214 JavaScript 379 1
1202639824 Ruby 5 0
1210871831 Ruby 229 0
1297658488 Ruby 2 1
1232634796 JavaScript 16 0
1281072701 Ruby 1639 0
1431006485 Ruby 26021 1
1220478867 Ruby 1 1
1430733130 Ruby 2371 1
1328333063 JavaScript 1 1
1394259998 Ruby 631 1
1200869340 Ruby 18 0
1221881293 Ruby 12 1
1200869340 Ruby 18 0
1329197136 JavaScript 1 1
1348157506 PHP 5 1
1308260676 JavaScript 1 1
1221596466 Ruby 2 0
1244019847 Ruby 40 0
1208950694 Ruby 35 0
1427751796 Ruby 1176 1
1362936136 JavaScript 35 1
1398137410 Ruby 134 0
1201810584 Erlang 5 0
1379945838 Ruby 19 1
1208122682 Ruby 10 0
1240256258 Ruby 85 1
1402427531 Ruby 206 0
1429570498 JavaScript 2119 1
1417443387 Ruby 247 1
1202824124 Ruby 3 0
1277002261 Ruby 1 1
1201883984 Ruby 3 0
1213335443 JavaScript 4 0
1377559664 Ruby 1 1
1311477078 Ruby 938 0
1340373505 Ruby 1 1
1268270150 Ruby 866 0
1234897341 JavaScript 215 0
1429985087 Ruby 1310 1
