1297029778 Ruby 1 1
1353678999 Ruby 410 1
1421188492 Ruby 932 0
1212470240 Ruby 30 0
1404570121 CoffeeScript 2 1
1208950694 Ruby 35 0
1303335184 Emacs Lisp 1 1
1429035732 JavaScript 347 1
1205250732 Ruby 2 0
1428467559 Ruby 8 1
1403966284 JavaScript 4 1
1355539841 CSS 1041 1
1201810391 Erlang 36 0
1384803765 Ruby 15 1
1428994984 Ruby 1362 1
1201487060 C 5 0
1200621927 Ruby 23 0
1225312268 Ruby 399 0
1202639824 Ruby 5 0
1404751840 CSS 251 1
1338166063 JavaScript 2031 1
1205250732 Ruby 2 0
1418957189 JavaScript 2174 1
1399219751 Ruby 112 1
1296731787 JavaScript 2 1
1428690537 Ruby 2080 1
1214859673 Ruby 3 0
1393892605 CSS 1 1
1205010284 JavaScript 6 0
1333188149 Ruby 1 1
1425930064 JavaScript 24 1
1246461391 Python 64 0
1244741215 Ruby 139 0
1430862926 Shell 1368 1
1281072701 Ruby 1639 0
1356463693 Ruby 22 1
1423361619 Ruby 13 1
1371108148 Ruby 7 1
1204073292 JavaScript 28 0
1381864869 Python 4 1
1202639824 Ruby 5 0
1402427531 Ruby 206 0
1427434787 Ruby 3194 1
1430816214 CSS 11199 1
1308819699 Python 5 1
1428242480 HTML 8542 1
1377383082 Ruby 1 1
1428104723 JavaScript 2684 1
1429939805 PHP 89 1
1418404954 JavaScript 48 1
1205010284 JavaScript 6 0
1343434169 Ruby 1 1
1242698836 Ruby 11 0
1382079278 JavaScript 22 1
1430207088 Ruby 99 1
1425577203 PHP 136 1
